-0.04537428198907885
0.22091014839947995
1.3665393820000609
0.7317340291515078
0.5758374843798314
0.9165406666584548
0.16486940158618577
1.347350194215416
-0.5866216673908161
-3.753888678581884e-06
0.3166103540099815
0.7101285563484735
0.3623670311182474
1.7942854876638519
0.945183325934828
-1.1296682543096384
0.33281618691673936
0.709799755297901
-0.3619291309072394
1.8299421844022725
0.9441775183946083
1.129966198630866
0.3275996645636475
0.4510268117962625
1.4768717959133761
0.29499238801070243
0.9318010704851046
0.19901580910797081
2.9
2.034702252128072
