2.320715506089023
2.3863979934061232
-0.018049402704557137
-0.34851099539507485
1.279845795550698
1.2242677221132485
0.7100026634185159
0.8684368526917257
0.3268295961577765
1.978489299611319
-0.36132939458565105
-0.01740450611780716
0.5178947181086089
0.7540717183217079
0.8310397978630543
3.633133859289176
-0.48856007655168143
1.4604720798461495
0.584273812689961
0.8067330639528766
0.9929061949358303
3.5665816800779866
-0.46458821935667816
-0.904371804953964
0.5947397093514725
0.1100393414430385
1.0970025525518021
0.281229310961225
0.4455057775549237
0.22710656145506303
1.3543093832737836
0.3153046898748617
2.5
3.0890655983494293
