2.103840738885722
-0.9581327752164074
0.31455528943403654
0.7569800820155012
1.4524570255414713
0.9790496333646462
0.5090745984747543
0.9551106484523961
-0.2398097992133551
1.676072495076765
-0.3849778849297691
-0.5008385779181298
0.426076026963382
0.8432328763180746
0.12547555572454244
2.43417168611288
0.6888075094183507
-0.7234355377583459
0.4287474022218667
-0.8347417999546629
0.2159222920908668
2.0973006752892043
0.6659095020085972
0.9329270364368655
0.4780532161663165
0.4510268117962623
3.8639947030203157
0.5123761225753393
3.1826502349469235
0.41386414743747396
0.8156951433220375
0.171405693601906
4.5
2.2602713143549535
