-1.2142403760480442
0.0069132848251948886
-0.07014499200511791
1.4728084091251157
0.8433730173839002
0.7571348237699549
1.126963261980157
0.8210241014142253
1.7717272714426229
0.005067597696813838
0.07555958568428539
0.3406094055835066
0.8440365293593175
0.736419233885855
1.7865581032378894
0.9464270792177786
-1.5501473157357681
0.41190236672619535
-0.8442214951254744
-0.7364869449669504
1.7646929796407773
0.9464766531495351
1.5502221700751975
0.41506718815336086
-0.14099616133571297
1.7618555956240374
0.2774451846531316
0.10216025628280906
0.018486229249149472
3.2
1.2894052999292362
